RISULTATI 2016-02-04 21:11:46.116492
Iperparametri scelti:
	Numero di livelli della rete neurale: 4
	Numero di unità per ogni livello: [5, 5, 5, 2]
	Coefficiente di regolarizzazione: 0.02
	Momentum coefficient: 0.5
	Learning Parameter: 0.05

TEST ERROR: 1.23839377672
Validation error: 1.24996931022
Training error: 1.00854058742

Numero di iterazioni effettuate: 844

PREVISIONE SUI DATI SENZA ETICHETTA
1.0, 23.9542628547, 10.3774705335
2.0, 23.8925348798, 14.5330266673
3.0, 10.418627631, -0.327257819188
4.0, 8.1946272812, -0.274422664128
5.0, 21.0482327373, -0.66334166666
6.0, 23.8668219218, 14.3661217725
7.0, 6.78879642856, -0.20396974852
8.0, 3.98425256027, -0.095479966441
9.0, 5.46498657783, -0.29950172971
10.0, 23.8934364344, 14.0366950743
11.0, 18.3256430382, -0.611137327893
12.0, 23.3998677142, 1.74290766881
13.0, 24.2204899423, 16.2756798183
14.0, 8.18957027391, -0.338080459463
15.0, 13.4305779019, -0.43370637895
16.0, 8.48997849227, -0.253773866353
17.0, 18.3164237402, -0.601641367497
18.0, 23.6047675208, 5.63175654605
19.0, 23.9701141186, 11.4084457862
20.0, 23.1769686133, 0.295124237867
21.0, 15.2490321829, -0.492142585961
22.0, 8.26464956557, -0.310611362332
23.0, 5.06292351555, -0.28247782656
24.0, 18.4758574305, -0.615626500497
25.0, 22.9684593746, -0.202657980744
26.0, 6.98916010732, -0.303811476797
27.0, 23.9795754178, 15.1770313579
28.0, 23.8843028107, 12.9322473645
29.0, 23.9630133232, 10.3612934423
30.0, 12.152657005, -0.409968333497
31.0, 23.8354661678, 7.79823313023
32.0, 6.30207481979, -0.294840716578
33.0, 11.3252837756, -0.382958650313
34.0, 7.36941333459, -0.255537162668
35.0, 23.9429818565, 14.5081568006
36.0, 24.2213444669, 16.1441981511
37.0, 11.2895473802, -0.359715412555
38.0, 14.8903314787, -0.452073983394
39.0, 24.1574636518, 16.0251974385
40.0, 24.1124506044, 15.3259495356
41.0, 13.9243785983, -0.446501027124
42.0, 23.7989963414, 7.77628361636
43.0, 11.2524202684, -0.29979460949
44.0, 7.00645914655, -0.361395051754
45.0, 16.1252504753, -0.53428396144
46.0, 18.7355548506, -0.619365110502
47.0, 23.9842956792, 9.44581931723
48.0, 23.1019884591, 0.0722886756903
49.0, 17.5032796544, -0.580948632459
50.0, 15.4401913725, -0.469585063602
51.0, 20.5770147529, -0.663660884106
52.0, 6.52240557587, -0.26978264223
53.0, 12.3975842383, -0.384934445234
54.0, 5.15381718637, -0.290389430517
55.0, 23.893546948, 8.51999776935
56.0, 23.7299725757, 4.66863969441
57.0, 23.950244351, 9.88592180381
58.0, 15.7826229393, -0.514040517858
59.0, 13.111262909, -0.426895528654
60.0, 23.7238614781, 4.94027515129
61.0, 23.8669366045, 8.28784572848
62.0, 11.5323509216, -0.415385235537
63.0, 9.22696009131, -0.40690258156
64.0, 4.39085750671, -0.325631505163
65.0, 22.6796911763, -0.498770856014
66.0, 4.1730485958, -0.0911761797943
67.0, 23.9270471794, 9.87851165235
68.0, 13.5325984812, -0.411884340233
69.0, 23.8638948852, 13.2779647753
70.0, 23.342423781, 0.713892060288
71.0, 23.7646087227, 7.18526653754
72.0, 13.2428754132, -0.417653508897
73.0, 8.93361020563, -0.301737923325
74.0, 5.88540283456, -0.315161572477
75.0, 17.685062927, -0.591271898893
76.0, 19.0883200802, -0.64280537371
77.0, 24.2588929208, 16.3427733759
78.0, 22.2995275527, -0.595496494507
79.0, 7.2383955064, -0.331869744809
80.0, 13.4992125039, -0.43805219746
81.0, 20.5180326812, -0.658328898283
82.0, 4.10679274409, -0.0973634859561
83.0, 8.21668564638, -0.187954952686
84.0, 4.0028525344, -0.0861992412254
85.0, 5.90261566051, -0.296738392223
86.0, 19.3353111488, -0.643579551694
87.0, 7.26117084374, -0.319923110282
88.0, 9.06818796211, -0.266797058932
89.0, 23.8914935365, 12.3527077749
90.0, 13.6978486451, -0.44111927717
91.0, 19.123944808, -0.635296135981
92.0, 4.90743158134, -0.0684530650478
93.0, 4.76306855077, -0.230485403679
94.0, 23.8235948471, 4.55301844653
95.0, 21.9427641493, -0.655355295728
96.0, 23.8762170931, 8.29958054221
97.0, 23.7042909796, 3.53125020279
98.0, 8.2719779265, -0.302563689328
99.0, 23.9381366734, 11.3833428704
100.0, 23.695365052, 6.69865372449
101.0, 16.1261293373, -0.503933411535
102.0, 23.7008164367, 5.10267218026
103.0, 23.8581052896, 13.9627591193
104.0, 23.6922814306, 4.35462717577
105.0, 18.1638060611, -0.607184483642
106.0, 4.47075800688, -0.139005339841
107.0, 22.8422611954, -0.371130954872
108.0, 5.39991776631, -0.355159577949
109.0, 23.9624647795, 9.90521077833
110.0, 22.6854057979, -0.466301285351
111.0, 22.35347216, -0.602427449061
112.0, 24.2050438418, 15.8986411683
113.0, 23.9093800817, 9.19687040118
114.0, 16.5678476037, -0.507003396982
115.0, 23.7345255463, 5.30058596288
116.0, 23.9303138368, 9.78018842357
117.0, 6.88611033977, -0.298022850131
118.0, 23.673814568, 5.32745125272
119.0, 23.7107056413, 6.54882973945
120.0, 22.2687249664, -0.584738465469
121.0, 14.1989641835, -0.45850653536
122.0, 23.9002582677, 8.68290818749
123.0, 14.781968031, -0.315255276551
124.0, 24.0018670742, 10.1304645118
125.0, 23.7851879452, 7.07408013076
126.0, 23.9915265192, 14.7825777971
127.0, 10.2407304292, -0.447675894008
128.0, 8.28210350013, -0.305956974994
129.0, 5.80502570813, -0.418899973156
130.0, 10.2598715024, -0.333259796782
131.0, 23.9594081913, 10.8984422097
132.0, 24.3640656845, 16.4827355803
133.0, 6.33954311904, -0.175183828975
134.0, 23.9450331051, 9.60345718022
135.0, 23.9171397047, 11.9686255872
136.0, 23.9052431605, 6.67821908171
137.0, 23.9561604365, 11.0326106865
138.0, 4.28712617411, -0.146387039882
139.0, 8.30737796594, -0.2945667154
140.0, 23.308304921, 0.613789119582
141.0, 23.9743623087, 9.69150388878
142.0, 15.9625751713, -0.487939968355
143.0, 23.449059916, 1.83496266708
144.0, 22.7649371129, -0.442513821654
145.0, 18.7427928945, -0.622138432531
146.0, 23.9023660538, 12.0369463604
147.0, 24.2412390958, 16.2868009649
148.0, 15.6971996231, -0.513710021333
149.0, 8.90027759013, -0.261911045074
150.0, 23.1401604885, 0.170072604592
151.0, 17.9116249979, -0.572584501201
152.0, 11.413717776, -0.422261687729
153.0, 24.3240866646, 16.2788899776
154.0, 11.706618253, -0.401185383847
155.0, 11.094100932, -0.378863141237
156.0, 4.04160241276, -0.191778553829
157.0, 8.62315844957, -0.275146060677
158.0, 6.94219950829, -0.474486473658
159.0, 23.5614272436, 1.56316337248
160.0, 23.2981692369, 0.645872366866
161.0, 23.9128503877, 9.00082644539
162.0, 23.23378214, 0.486391396757
163.0, 23.6528365914, 4.74706309141
164.0, 23.9342757968, 11.7162873639
165.0, 23.7200232206, 6.90597549023
166.0, 15.9147540785, -0.504571839449
167.0, 10.4472460553, -0.288444708682
168.0, 23.7696879545, 4.78458113522
169.0, 23.5546768708, 2.00016954116
170.0, 20.145148746, -0.654726859478
171.0, 22.9899991595, -0.16550842993
172.0, 23.9945828336, 10.4585078289
173.0, 23.8086293293, 7.31795399402
174.0, 9.68768189488, -0.321962828912
175.0, 24.2391698383, 16.2759455421
176.0, 5.05192452012, -0.24906042962
177.0, 23.7131420003, 6.1020266848
178.0, 23.6784465241, 4.64610291462
179.0, 7.89756970546, -0.28376523599
180.0, 14.7824492523, 1.56194185431
181.0, 16.4057565861, -0.512631533028
182.0, 5.18987592368, -0.267692995888
183.0, 12.285305913, -0.392656919386
184.0, 22.6751246851, -0.474898679994
185.0, 23.8940101831, 8.76773931469
186.0, 4.25726765936, -0.129671531221
187.0, 23.7662159433, 4.32888951858
188.0, 23.534029644, 1.47462342411
189.0, 8.68691271949, -0.372179254419
190.0, 4.61092792746, -0.278950478055
191.0, 24.368304462, 16.5095982795
192.0, 23.9043072444, 12.1343957105
193.0, 23.8851477316, 12.5278683589
194.0, 12.2031255056, -0.466737083266
195.0, 23.0690702014, 0.148890305212
196.0, 22.9835084998, -0.0131043194022
197.0, 9.12013507222, -0.307857278851
198.0, 23.7567233912, 2.87751276926
199.0, 24.2725237435, 16.0969628262
200.0, 23.8210919216, 4.56270090606
201.0, 17.951957325, -0.593642633614
202.0, 15.4158258841, -0.474571012316
203.0, 23.8951464816, 9.4896530815
204.0, 23.7752292511, 4.9465188192
205.0, 3.92226936098, -0.0143826706446
206.0, 21.2232745414, -0.663566428897
207.0, 22.3290324483, -0.593130524996
208.0, 11.0220234704, -0.359390640514
209.0, 6.08964292069, -0.315537941558
210.0, 6.85300563772, -0.306403354056
211.0, 11.8834569348, -0.386413014566
212.0, 14.1521969416, -0.416757831751
213.0, 4.0898930184, -0.0815403742536
214.0, 23.7365290734, 7.13124989463
215.0, 24.2135056094, 16.0393566981
216.0, 14.1670761933, -0.443534412856
217.0, 22.8733840945, -0.322441585763
218.0, 23.9514307357, 10.1185848199
219.0, 17.3051546707, -0.575922286315
220.0, 18.4961882013, -0.603109608575
221.0, 23.7213035726, 5.02784373054
222.0, 23.1564671007, 0.389409416265
223.0, 23.7679557149, 5.13200277637
224.0, 24.3674673666, 16.509068596
225.0, 16.6697637232, -0.535095276529
226.0, 22.69566293, -0.482807491815
227.0, 19.3186890826, -0.633390796624
228.0, 23.8675401594, 13.4549631885
229.0, 23.9019494157, 8.76540457175
230.0, 19.1775360312, -0.644152171745
231.0, 23.2449270851, 0.670322881708
232.0, 21.9440524515, -0.647360838235
233.0, 19.2050661376, -0.617102564919
234.0, 23.9523787742, 10.4578527714
235.0, 15.9380836416, -0.120147422641
236.0, 23.5097436659, 2.34402512809
237.0, 23.1636350139, 0.185984439174
238.0, 23.4786632912, 1.79262257506
239.0, 17.0385574731, -0.563835683885
240.0, 15.5035781636, -0.504676337428
241.0, 11.2751329019, -0.419896964742
242.0, 23.7080717859, 2.90938429085
243.0, 7.87094373645, -0.285468762385
244.0, 23.9437090105, 11.5124088213
245.0, 11.7538793228, -0.366091642359
246.0, 24.2985563569, 16.4031609695
247.0, 23.1740711234, 0.204919719729
248.0, 7.94276461169, -0.28057028731
249.0, 24.2290321668, 16.2023291874
250.0, 23.6398456628, 6.06891275532
251.0, 5.59797560242, -0.159333441984
252.0, 6.66168304006, -0.302001202365
253.0, 4.16217458652, -0.163147567333
254.0, 23.6840267603, 4.26947022955
255.0, 22.9974388228, -0.100499885445
256.0, 8.04082062278, -0.0999844415686
257.0, 24.1374410049, 15.585815285
258.0, 22.6783679616, -0.466328751616
259.0, 23.0366167758, -0.0834934578018
260.0, 10.3575205398, -0.339949429458
261.0, 24.3494125611, 16.469699362
262.0, 11.3420701355, -0.419779835144
263.0, 17.8041192235, -0.59576220219
264.0, 23.9415112228, 9.3027430148
265.0, 23.6567122998, 2.54765252137
266.0, 23.9131932626, 8.79127912076
267.0, 23.8639200952, 12.730226827
268.0, 21.8808617821, -0.647687972114
269.0, 4.11771301293, -0.166178368218
270.0, 23.9187100555, 11.7711467205
271.0, 23.7073853384, 4.50083551879
272.0, 23.9188544749, 11.7241264596
273.0, 15.9969265893, -0.522935944684
274.0, 12.0528209044, -0.405912578893
275.0, 18.2220490569, -0.537375063186
276.0, 23.9041306188, 8.03214604798
277.0, 22.7116137284, -0.47400120575
278.0, 24.3217562587, 16.4660220044
279.0, 9.6677326372, -0.312790707896
280.0, 23.922377656, 11.7659013508
281.0, 23.7744413322, 4.48836668683
282.0, 5.64350375009, -0.217986270943
283.0, 24.3271118261, 16.4605631289
284.0, 20.4612594901, -0.584478551261
285.0, 23.5358446081, 1.99654491195
286.0, 23.719749084, 5.25977336897
287.0, 23.6072120956, 2.93482567102
288.0, 24.1707425244, 15.9624753915
289.0, 23.7618952241, 5.86482451004
290.0, 24.2826001393, 16.3234265836
291.0, 23.2010552414, 0.437552749755
292.0, 22.7408031995, -0.449095148511
293.0, 24.3678319737, 16.5191805342
294.0, 18.2349211817, -0.610322247554
295.0, 19.8726849166, -0.660137028275
296.0, 23.9140245696, 12.0839818315
297.0, 4.69783036344, -0.178629028418
298.0, 6.26168857886, -0.254931035196
299.0, 5.03525549518, -0.324758133965
300.0, 23.720607207, 2.77969869418
301.0, 23.6791006172, 4.19874549037
302.0, 10.6798506376, -0.38749485392
303.0, 12.5872386764, -0.424552395992
304.0, 4.16130172098, -0.116748515869
305.0, 12.885773428, -0.397225317246
306.0, 23.8620400976, 13.1803089968
307.0, 4.18424151535, -0.083588964748
308.0, 19.577304072, -0.639049971274
309.0, 23.8582965317, 13.1055231072
310.0, 22.4032172972, -0.610095880943
311.0, 23.9282296101, 12.2161492402
312.0, 24.115847385, 15.9393881542
313.0, 22.4927489035, -0.545747499522
314.0, 16.2825094352, -0.534050996908
315.0, 23.9352203833, 9.67923593798



ERRORI DI TRAINING E DI VALUTAZIONE:

0 12.1003340272 12.7167546081
1 8.52452845696 8.96005242833
2 8.21160627267 8.34164045223
3 8.16565374452 8.22987005282
4 7.15645117319 7.43858001567
5 6.51189962468 6.86287140756
6 5.96004372657 6.23236729077
7 5.36526369264 5.57791356601
8 4.96587163989 5.09009332105
9 4.80432989886 4.87907519473
10 4.72091303645 4.80113469181
11 4.60584621339 4.70678148114
12 4.42057196457 4.55476388724
13 4.16708425752 4.34210729722
14 3.93961656312 4.12740976892
15 3.76948012487 3.95096222123
16 3.57547467187 3.76405287935
17 3.40913157612 3.59005067908
18 3.28490115152 3.43964570823
19 3.16100335617 3.300431578
20 3.03888834953 3.16978497384
21 2.93331155544 3.05995859726
22 2.84030912661 2.9602408801
23 2.76102784844 2.87595133947
24 2.68677898477 2.79735607953
25 2.61863926448 2.72469964957
26 2.55807122793 2.65796665596
27 2.49933992471 2.59476208838
28 2.44396519096 2.53536298135
29 2.3905694435 2.47852999155
30 2.33934675928 2.42406263312
31 2.29037993277 2.37240757988
32 2.24267120288 2.3236388927
33 2.19706125179 2.2775699274
34 2.15302460435 2.23444449169
35 2.11109976648 2.19428422889
36 2.07118546251 2.15641377863
37 2.03316937677 2.12076670912
38 1.99715302385 2.08697811608
39 1.96311131806 2.05505673201
40 1.93088482027 2.02473880864
41 1.90066218211 1.99620792793
42 1.87198783071 1.96894862615
43 1.84566044864 1.94400220507
44 1.81988697611 1.91902572616
45 1.79964706706 1.89982362698
46 1.77939208186 1.87698023204
47 1.8060368869 1.89621344104
48 1.93771078899 2.0268026671
49 2.18393887819 2.22402274685
50 2.24924964705 2.35757350674
51 2.03856185968 2.07125394116
52 1.809684237 1.92995531865
53 1.731655562 1.79865179105
54 1.75044133247 1.81171444466
55 1.76736436374 1.87602692079
56 1.93930587739 1.96018113625
57 1.9519995991 2.05360995391
58 1.84621241848 1.8858098057
59 1.70397933984 1.80065110243
60 1.66687495711 1.74123092504
61 1.60805650961 1.7143542107
62 1.60915550545 1.69647319593
63 1.57993591046 1.6891477428
64 1.59356499963 1.6821709383
65 1.57348812161 1.68510392728
66 1.60492386223 1.68736598303
67 1.59109831833 1.70550928893
68 1.64706996735 1.71183463682
69 1.62421853569 1.74088582478
70 1.69894292448 1.74340993017
71 1.6348795608 1.75787042641
72 1.71340719563 1.74916009876
73 1.60585721286 1.73193930616
74 1.65127975184 1.69629268249
75 1.54751603755 1.67632230715
76 1.56527658468 1.63434628989
77 1.502804627 1.63252394498
78 1.51389847418 1.60404945686
79 1.47711692046 1.60869716531
80 1.49082162577 1.59080737453
81 1.46521295819 1.59974652053
82 1.48773241017 1.58715149823
83 1.46625584261 1.6039946753
84 1.51123698493 1.59754822317
85 1.4910191177 1.62962348575
86 1.5832592999 1.64102226527
87 1.54673619217 1.68253182823
88 1.68168690201 1.70904292739
89 1.58448406973 1.71732909869
90 1.66180999759 1.6915280074
91 1.53300987852 1.66985980008
92 1.53636824759 1.60768849582
93 1.45684970527 1.60037515915
94 1.4569969676 1.56228935332
95 1.41946449618 1.56727585651
96 1.42851069242 1.54877879572
97 1.40749006409 1.55854647703
98 1.42435563518 1.54711115467
99 1.40951582525 1.56214376687
100 1.44427896736 1.5555641022
101 1.43177207991 1.58207688547
102 1.50330313239 1.58726206476
103 1.48113914346 1.6257341811
104 1.59336518041 1.6450199796
105 1.53402098348 1.67364072054
106 1.62619662957 1.66606058039
107 1.53005945398 1.67087938837
108 1.5545028615 1.61894382032
109 1.46446947747 1.61244074512
110 1.46624543274 1.56418411365
111 1.41032482559 1.56686119766
112 1.41932306976 1.53867776955
113 1.38763224118 1.5489269568
114 1.40250786931 1.53124377831
115 1.38241291007 1.54555650403
116 1.40691857004 1.53287019037
117 1.39166802481 1.55397962376
118 1.43547520019 1.54651543593
119 1.41981779305 1.57678817216
120 1.49125391086 1.57745208808
121 1.46615321498 1.61603989789
122 1.55458196229 1.61690083397
123 1.50643088773 1.65309686737
124 1.57228553625 1.62825482922
125 1.49670037008 1.64510592347
126 1.51826258653 1.59342314988
127 1.43750604209 1.5932843887
128 1.44296701464 1.5474729903
129 1.38723777624 1.55209437125
130 1.39511107427 1.52232927873
131 1.36328327067 1.53190048696
132 1.37533494695 1.51313989388
133 1.35692764291 1.526775539
134 1.37798022326 1.51341429443
135 1.36572623739 1.53449173161
136 1.40445404338 1.52440366644
137 1.39462004649 1.55826140981
138 1.46001329564 1.55408577217
139 1.4489787724 1.60456430941
140 1.53626887408 1.60082139299
141 1.50731912581 1.65886123525
142 1.57752420827 1.62889440265
143 1.50603746393 1.65831965656
144 1.5225486525 1.59142806413
145 1.42904496373 1.58872188032
146 1.42401838113 1.5312213415
147 1.36240837434 1.53115533634
148 1.36100930063 1.49995536944
149 1.33263694664 1.50415332218
150 1.33727900119 1.48785302393
151 1.3231728823 1.49668110688
152 1.33550437936 1.48558284343
153 1.3276042786 1.5009964841
154 1.35353138831 1.49264853326
155 1.35148869406 1.52140752682
156 1.4054703881 1.51609532046
157 1.41223179922 1.57308974621
158 1.5049107439 1.57602692768
159 1.51072187214 1.66471449253
160 1.61368642362 1.65711684943
161 1.56355942316 1.71847177828
162 1.58795021068 1.63632495171
163 1.46195248771 1.61959847626
164 1.43310253054 1.5307997793
165 1.34784886422 1.51733919205
166 1.33186576604 1.4800580561
167 1.30404632968 1.47726440165
168 1.30072133217 1.46260052417
169 1.28894758045 1.46561593334
170 1.29220939137 1.45739880534
171 1.28519511103 1.4633438665
172 1.29308543359 1.45621086549
173 1.28951686404 1.46679697641
174 1.30646428466 1.46016921137
175 1.31045788519 1.48412295408
176 1.35653190869 1.48253602321
177 1.38245048771 1.54471477926
178 1.49176718435 1.56780637599
179 1.5428135181 1.70088689427
180 1.70023794474 1.73106248965
181 1.67398321214 1.83794055249
182 1.68957949305 1.72118998523
183 1.48643174122 1.64392562484
184 1.41321608654 1.51581247904
185 1.31590339435 1.48723535541
186 1.29014462805 1.45553274138
187 1.27407998494 1.44687566727
188 1.26872197409 1.44231070084
189 1.26323554281 1.44122570796
190 1.26254604994 1.43821382449
191 1.25852436169 1.43788419982
192 1.25715338712 1.43565648695
193 1.25442574416 1.43385798195
194 1.25289206936 1.43198196441
195 1.25058042094 1.42954336353
196 1.24942246804 1.42791204152
197 1.24738179554 1.42571424938
198 1.24740512962 1.42443853052
199 1.24681755179 1.42370897964
200 1.25091854562 1.42313283105
201 1.25692397656 1.43189478712
202 1.28107874983 1.43453449685
203 1.32094670313 1.48857840346
204 1.45367728898 1.54373640995
205 1.62070503437 1.79025465483
206 1.96258154558 1.96766588469
207 2.04992669327 2.22103995682
208 2.00530573106 1.9919608675
209 1.49690034381 1.65766162726
210 1.33178685659 1.48632188003
211 1.28586634053 1.4494707939
212 1.26772427102 1.44320925281
213 1.26920274737 1.44182273696
214 1.27124519121 1.43735047947
215 1.26535284309 1.43774480474
216 1.25853722357 1.43565908311
217 1.25743094089 1.43179691215
218 1.25158620953 1.42976993879
219 1.25053149623 1.42733132333
220 1.24670098354 1.42313533101
221 1.24557964571 1.42201052973
222 1.24305206384 1.41791721324
223 1.24252648325 1.41752448153
224 1.24100991809 1.41471826206
225 1.24192564603 1.41491887802
226 1.24292502537 1.41491857772
227 1.24792820133 1.41591302937
228 1.25447863181 1.42421122071
229 1.27572119779 1.42734638792
230 1.29927058104 1.46315193838
231 1.37264729152 1.48504854184
232 1.42637838127 1.58612301551
233 1.59753649304 1.64705878759
234 1.63649702812 1.80344446319
235 1.76774271511 1.79172225748
236 1.6304025542 1.79708539002
237 1.54244089112 1.60620212442
238 1.35060738236 1.51416040195
239 1.28861090464 1.43760059036
240 1.25227466758 1.41574027542
241 1.23739495821 1.40813773071
242 1.23190448401 1.40140548001
243 1.23045731635 1.40008927955
244 1.22770202514 1.40021223322
245 1.22623941066 1.39691484536
246 1.22463008292 1.39661271401
247 1.2227195337 1.39399374968
248 1.22154223467 1.39303482742
249 1.21964594441 1.39056760986
250 1.21848935974 1.38990690537
251 1.21693161884 1.38717952882
252 1.21597277574 1.38740186868
253 1.21505956528 1.3844678053
254 1.21487098963 1.38606136114
255 1.21557475773 1.3842596634
256 1.21871803751 1.38815363324
257 1.2251197256 1.39369371998
258 1.24447352358 1.40322433915
259 1.27625094475 1.44439231672
260 1.37614145468 1.48873134705
261 1.50684832947 1.67428414912
262 1.78653754195 1.82431033146
263 1.92636574594 2.10128160778
264 2.02568228052 2.02615701271
265 1.61276454591 1.7811488283
266 1.39882359729 1.50516534553
267 1.26222123149 1.42786800029
268 1.23125693963 1.40588005817
269 1.23028789965 1.39975857973
270 1.23171588275 1.39595724636
271 1.22991347208 1.40041026675
272 1.22415735967 1.39302679214
273 1.2223350952 1.39273395025
274 1.21787491104 1.38783744599
275 1.21675230842 1.38678095121
276 1.21336091921 1.38231347844
277 1.21216307479 1.38181138227
278 1.20984272897 1.37767364588
279 1.20866192253 1.37806691784
280 1.20687764256 1.37421112512
281 1.2058525002 1.37501515321
282 1.20452855488 1.37139143099
283 1.20381588532 1.37280226918
284 1.20308594323 1.36956405688
285 1.20310547338 1.37199136419
286 1.20394087738 1.3706029392
287 1.20675281467 1.37459480504
288 1.21203824247 1.38022796535
289 1.22777271117 1.3884360533
290 1.24943641473 1.41805086941
291 1.32013183461 1.44751949331
292 1.39746569278 1.56774355427
293 1.60393573033 1.66717881906
294 1.72269405664 1.90054334326
295 1.91064001104 1.93484918666
296 1.71672060331 1.89139222086
297 1.56124092555 1.62640025363
298 1.30685103541 1.47859038893
299 1.2305015913 1.40141406702
300 1.21029672247 1.37297883082
301 1.20653369994 1.37258906084
302 1.20869351595 1.37812715007
303 1.20545931654 1.37200235012
304 1.20436178455 1.37308717448
305 1.20087110864 1.3679845009
306 1.19972487949 1.36686337277
307 1.19713274037 1.36350447598
308 1.19572594489 1.36220783274
309 1.19370378001 1.35965855157
310 1.19246879344 1.35894632647
311 1.19085507767 1.35668899815
312 1.189835409 1.35637235546
313 1.18851879549 1.35449675869
314 1.18777378496 1.35435769197
315 1.18687773459 1.35330506075
316 1.18675876755 1.35337744219
317 1.18682939399 1.3543738921
318 1.18892865005 1.35540053375
319 1.19203088807 1.36212910944
320 1.20387499091 1.36657064208
321 1.21789031484 1.39027795527
322 1.26926773291 1.41162716244
323 1.32077402783 1.49904350579
324 1.49140532276 1.57662570258
325 1.6151603448 1.79879962845
326 1.85624449888 1.8957088968
327 1.7890360978 1.96834138767
328 1.7080353936 1.75440543847
329 1.3804541267 1.55998886107
330 1.24284499107 1.40260175004
331 1.19594730367 1.36048195757
332 1.19188205495 1.36002376111
333 1.19556111878 1.36330812331
334 1.1915690376 1.36035636272
335 1.19065576513 1.35809348668
336 1.18569556738 1.35438730704
337 1.18428157669 1.35051959005
338 1.18196037694 1.34812126643
339 1.17997469021 1.34562473166
340 1.17842546584 1.3440014155
341 1.17664712356 1.34245043798
342 1.17521920164 1.34091963653
343 1.17372301725 1.33987758637
344 1.1723808499 1.33852279939
345 1.17098223904 1.33758462516
346 1.16976392085 1.33649487199
347 1.16842795751 1.33548966811
348 1.16731281469 1.33479002289
349 1.16617173818 1.33367628348
350 1.16509800741 1.33360544037
351 1.16455427406 1.33229957471
352 1.16357375336 1.33382387863
353 1.16466473804 1.33212218039
354 1.16492142287 1.33844275339
355 1.17310907623 1.33726738565
356 1.1816637461 1.3593290328
357 1.22182816112 1.37349551074
358 1.26397632902 1.45219664038
359 1.43553588512 1.5339856915
360 1.59533416323 1.78748797453
361 1.93058190682 1.97402548185
362 1.95118047712 2.1303185576
363 1.86506896917 1.90270233572
364 1.41641463113 1.60465048106
365 1.21560315022 1.38603878818
366 1.18716120718 1.35200688386
367 1.19106719218 1.36569754867
368 1.19518853148 1.36029566903
369 1.17987587733 1.3522087691
370 1.17460133242 1.34129615419
371 1.16858982164 1.33782068059
372 1.16742176851 1.33339876615
373 1.16621437813 1.33179525789
374 1.1639240447 1.32978370836
375 1.16273738318 1.32757167383
376 1.16069078799 1.32679028441
377 1.15925282414 1.32419072008
378 1.15750136477 1.32375671803
379 1.1560888947 1.32168138384
380 1.15444369055 1.32125612738
381 1.15314692076 1.31954002385
382 1.15155549598 1.31906519896
383 1.15034638071 1.31749633933
384 1.14879545938 1.31719070433
385 1.1476501178 1.31561405911
386 1.14609491447 1.31559277718
387 1.14505938754 1.31384317997
388 1.14345036094 1.31427419303
389 1.14264289774 1.31213028057
390 1.14092268684 1.31335126987
391 1.14060019396 1.31043407823
392 1.13881886388 1.31326944886
393 1.13983228644 1.30935123784
394 1.13827367158 1.31596604156
395 1.14409577017 1.31126409731
396 1.14478979102 1.32991264967
397 1.16987445901 1.32847228864
398 1.19059485768 1.3859655203
399 1.30165857146 1.43214466856
400 1.41973968837 1.6244302337
401 1.74349643923 1.81027226553
402 1.91516249427 2.09900651428
403 2.05297606387 2.08642693151
404 1.66524038758 1.8600576608
405 1.32196261049 1.45323045362
406 1.16650815878 1.34115332102
407 1.17679247311 1.36217652282
408 1.19052895174 1.35134466415
409 1.16622932088 1.34663782062
410 1.15915855898 1.32718628878
411 1.14866610854 1.32241177761
412 1.14723962927 1.31813255486
413 1.14576591636 1.31504955665
414 1.14326442874 1.31390987679
415 1.14212765271 1.31068214417
416 1.13955444651 1.31001902431
417 1.13800556511 1.30695298829
418 1.13617064788 1.30665511941
419 1.13457660592 1.30440474425
420 1.13303424277 1.30399892273
421 1.13158274338 1.30255933291
422 1.13011946881 1.30186878027
423 1.12879779025 1.30088423576
424 1.12741748385 1.30024383417
425 1.1261596519 1.29946539925
426 1.12484953754 1.29899644362
427 1.12363489682 1.29830345708
428 1.12237849222 1.29799586902
429 1.12122206898 1.29734542573
430 1.11999013447 1.29716960454
431 1.11890502899 1.29651308501
432 1.11766626635 1.29648804219
433 1.11667826661 1.29575976457
434 1.11539274575 1.29595747644
435 1.11455562771 1.29503706346
436 1.1131853677 1.29561548296
437 1.11259543012 1.29428208584
438 1.11109852424 1.29559381195
439 1.11097925396 1.2934102721
440 1.109206851 1.29633487666
441 1.1104164485 1.29239748602
442 1.10845500623 1.29989706809
443 1.11489657363 1.29213898669
444 1.11484554733 1.31499287869
445 1.14002334649 1.30930381751
446 1.16680825848 1.38155072754
447 1.29441011164 1.43852901587
448 1.45386635781 1.6652893042
449 1.83143152059 1.9046306009
450 2.00820902142 2.19409124602
451 2.03393512161 2.08459703053
452 1.57757944338 1.78146057938
453 1.22065099098 1.38829036339
454 1.14686301514 1.32636780194
455 1.16798689699 1.37308551287
456 1.17203379715 1.34031429356
457 1.13779830867 1.33079274559
458 1.13297299461 1.31191386399
459 1.12400612484 1.30879324767
460 1.12232579289 1.30938698666
461 1.12282606214 1.30348040545
462 1.1175390262 1.30383640196
463 1.11751443836 1.29924653638
464 1.11415844518 1.29975800392
465 1.11286134691 1.29648897871
466 1.1112073611 1.29624848781
467 1.10958920673 1.29473069683
468 1.10837712362 1.29393854034
469 1.10695840925 1.29347000101
470 1.10573574994 1.2923049729
471 1.10443787354 1.2921021779
472 1.10330935874 1.29115222027
473 1.10205525034 1.29096826695
474 1.10101164809 1.29023715706
475 1.09979770842 1.2900553519
476 1.09881474024 1.28945765203
477 1.09765532813 1.28934932876
478 1.0967201716 1.2887951541
479 1.09559749305 1.28877427606
480 1.0947204138 1.28822194042
481 1.09362052597 1.28831042631
482 1.09280613136 1.2877175584
483 1.09170524651 1.28794725552
484 1.09097135716 1.28724650268
485 1.08983612923 1.28769211732
486 1.08922021006 1.28677220213
487 1.08800234381 1.28757727519
488 1.08757654563 1.28624009746
489 1.08621375524 1.28770110327
490 1.0861345918 1.28557315768
491 1.08462336286 1.28837580076
492 1.08517599888 1.28475908142
493 1.08346717506 1.29020279461
494 1.08532413993 1.28381205629
495 1.08406562212 1.29503283549
496 1.08885003418 1.28353347586
497 1.09073053637 1.30892332286
498 1.10712158736 1.29244111176
499 1.12642287023 1.35277091283
500 1.19681584957 1.36999271007
501 1.29145490737 1.51686821584
502 1.52079529529 1.64078389103
503 1.69345181384 1.89630505147
504 1.8937404494 1.97343624501
505 1.72794648012 1.93615746789
506 1.4443313006 1.57787469067
507 1.16121634922 1.38630003779
508 1.11076422477 1.31960237631
509 1.12362199863 1.31302234609
510 1.11635208835 1.33264659233
511 1.11775980125 1.30516176652
512 1.0988189892 1.30833161752
513 1.09934459347 1.29662551526
514 1.09328390633 1.29619657886
515 1.09145819349 1.29337186609
516 1.09114701176 1.29133546934
517 1.08804215143 1.29147644652
518 1.08767375203 1.28824973054
519 1.08564244722 1.28946034904
520 1.08465550475 1.28643446356
521 1.08337018689 1.28738294044
522 1.08233068452 1.28555725213
523 1.08120820081 1.28586213945
524 1.08028207337 1.28490103538
525 1.07923880326 1.28490079997
526 1.07839198988 1.2843283281
527 1.07746353115 1.28428146116
528 1.07665604622 1.28383433454
529 1.07589675046 1.2838303283
530 1.07515644125 1.28344535714
531 1.07444588837 1.28347968784
532 1.07375173309 1.28312714135
533 1.07308069552 1.28319485941
534 1.07242705162 1.28284910242
535 1.07178679028 1.28296716823
536 1.07115833151 1.28259448188
537 1.07054895061 1.28278777233
538 1.06993932728 1.28234754676
539 1.06936093552 1.28265520657
540 1.06876448448 1.28209135779
541 1.06821816595 1.28257782594
542 1.06762884016 1.28180147198
543 1.06712045387 1.28258100006
544 1.06653104171 1.2814412874
545 1.06607688251 1.28272163947
546 1.06548047356 1.28095251141
547 1.06512312306 1.28312354137
548 1.06452422925 1.28024796037
549 1.06439403821 1.28406704597
550 1.06384108025 1.27923703404
551 1.06439363852 1.28622266034
552 1.06410198065 1.27803228627
553 1.06647488681 1.29135489202
554 1.0677152259 1.27804059914
555 1.07438744461 1.30429085629
556 1.0863065066 1.288821634
557 1.10529782774 1.34321258953
558 1.16574170738 1.35039553101
559 1.23613409409 1.47230489868
560 1.40875766587 1.55458895841
561 1.56313607963 1.77819381469
562 1.74491002402 1.85396653797
563 1.68779871934 1.88919649669
564 1.52733636465 1.66279072402
565 1.229950803 1.47048783441
566 1.10436875081 1.31321293811
567 1.08201599483 1.30022575028
568 1.08850448294 1.31590334022
569 1.09377058723 1.30025867687
570 1.08286608849 1.30722033839
571 1.08085328455 1.28913019261
572 1.07517612496 1.29403038912
573 1.07323212925 1.28582785356
574 1.07176684322 1.28629763421
575 1.07016075683 1.28559589302
576 1.06935662978 1.28329996385
577 1.06828920417 1.28488449419
578 1.06717616032 1.28197923598
579 1.06654570387 1.2833597285
580 1.06558252675 1.28146389446
581 1.0649939888 1.28220771644
582 1.06417948785 1.28107309505
583 1.0635506683 1.28132136241
584 1.06283352412 1.28062494891
585 1.06222488773 1.2807169173
586 1.06155818463 1.28021480717
587 1.06097823405 1.28025743101
588 1.06034723998 1.27984820738
589 1.05979484464 1.27988499726
590 1.05919280583 1.27952047225
591 1.05867908341 1.27956176011
592 1.05812069127 1.27921404208
593 1.05765521386 1.27927726759
594 1.05711289749 1.27892131011
595 1.05667080326 1.27902022416
596 1.05613527176 1.27863035421
597 1.055719214 1.27878606958
598 1.05518289796 1.27833282327
599 1.05479847358 1.27857559677
600 1.05425146004 1.2780161638
601 1.05390926418 1.27839563357
602 1.05333708827 1.27766372419
603 1.05305619691 1.27826349271
604 1.05243597105 1.27724960214
605 1.05225155748 1.27821427153
606 1.05154674966 1.27673189555
607 1.05152659058 1.27831848803
608 1.05067976189 1.2760425292
609 1.05096342847 1.27872139268
610 1.0498914838 1.2750813633
611 1.05078938094 1.27974087588
612 1.04941161899 1.27376933453
613 1.05162816811 1.28215018947
614 1.05027604018 1.27257662393
615 1.05524515499 1.28808952372
616 1.05628104668 1.27653148807
617 1.06693376875 1.30411122621
618 1.08446969231 1.29884692608
619 1.1093416272 1.354714249
620 1.18743329956 1.37358322744
621 1.26290990526 1.50124599499
622 1.40975720113 1.56061458825
623 1.52249443659 1.74002508738
624 1.60671966982 1.736658501
625 1.5015508917 1.7080084729
626 1.3886978946 1.55321119844
627 1.18658581229 1.42563060458
628 1.09057442716 1.31063704084
629 1.06399119857 1.29794906904
630 1.06344908763 1.29778734701
631 1.06686036565 1.2893661863
632 1.06313281431 1.29726886006
633 1.06148382586 1.28243315561
634 1.0583942396 1.28876391181
635 1.05591608468 1.27980724353
636 1.0547422036 1.28225470843
637 1.05343133953 1.27972216587
638 1.05263994897 1.27939876686
639 1.05198016823 1.2794020925
640 1.05116713926 1.27795179777
641 1.05067854826 1.27837439662
642 1.04997987747 1.2771592679
643 1.04950507043 1.27746115345
644 1.04887148423 1.27650923863
645 1.04838432305 1.27662572538
646 1.0478055909 1.27588515241
647 1.04734003377 1.27594329718
648 1.04679287988 1.27531764993
649 1.04634511585 1.27534580876
650 1.04582230723 1.27478096311
651 1.04539130403 1.27480622833
652 1.04488467578 1.27426316299
653 1.04446850131 1.27430375977
654 1.04397397425 1.27375217244
655 1.04357680707 1.27383219075
656 1.04309013646 1.27323970412
657 1.04271449581 1.27338617082
658 1.04223142779 1.27271584187
659 1.04188105812 1.27296988174
660 1.04139798339 1.27216990839
661 1.04107824743 1.27259421186
662 1.04059206736 1.27158400298
663 1.04031325555 1.27228278425
664 1.0398253059 1.27093096856
665 1.03960517023 1.272082721
666 1.03912965478 1.27016707915
667 1.03900484507 1.27208896286
668 1.03855471943 1.26922588819
669 1.0386552628 1.27250284275
670 1.03827773451 1.26803967493
671 1.03897180355 1.2737836292
672 1.03885026006 1.26726901953
673 1.04101491548 1.27720434696
674 1.04194320907 1.26893039909
675 1.04817239 1.28641665413
676 1.05507812614 1.27934275585
677 1.07050712138 1.31333980771
678 1.10753816276 1.31970165723
679 1.14923249408 1.39556270583
680 1.25048399126 1.43045981854
681 1.34029932394 1.56599616874
682 1.43452032109 1.58682287418
683 1.44857721129 1.6592978366
684 1.4370349504 1.58796651269
685 1.28772583238 1.50905161782
686 1.18985539843 1.39855869968
687 1.09697649629 1.33921261118
688 1.0565164712 1.28949204634
689 1.04704325332 1.28878903309
690 1.04550743962 1.28505365434
691 1.04651385126 1.27955245726
692 1.04497153709 1.28322691773
693 1.04410315543 1.27468461686
694 1.04240798506 1.27850082962
695 1.04147269873 1.27281622451
696 1.04014006244 1.2745336796
697 1.03954872712 1.27203085307
698 1.03877926588 1.27223669451
699 1.03827600559 1.27126895945
700 1.03770125826 1.27081201506
701 1.03720141792 1.27031941297
702 1.03671590128 1.26979407767
703 1.03621096328 1.26941274611
704 1.03574384133 1.26888405876
705 1.03525400054 1.26855835311
706 1.03480936429 1.26806467181
707 1.03434531289 1.26778804222
708 1.03391615979 1.2673163464
709 1.03346993276 1.2670666787
710 1.03305715001 1.26661370965
711 1.03262441817 1.26638840067
712 1.03222806993 1.26594321094
713 1.03180563193 1.26574599741
714 1.03142901204 1.26529484948
715 1.03101315894 1.26513621734
716 1.03066022829 1.26466068318
717 1.03024716051 1.26455936175
718 1.02991841118 1.26403362645
719 1.02950448243 1.26402559957
720 1.02920206696 1.26340609636
721 1.02877899492 1.26353683826
722 1.02851447538 1.26276464033
723 1.02806988821 1.26311220032
724 1.02786699297 1.26209788038
725 1.02738219221 1.26279848303
726 1.02729162577 1.26140278178
727 1.02674052703 1.26269881774
728 1.02687895305 1.26068212209
729 1.02624481258 1.26306319119
730 1.02690221062 1.26011740076
731 1.02640552698 1.26457121391
732 1.02833688947 1.26046143386
733 1.02941681133 1.26926730537
734 1.0340606284 1.26455664816
735 1.04184468155 1.28274581084
736 1.05872034931 1.28497869849
737 1.08429381914 1.32967416074
738 1.15398228034 1.35635759242
739 1.23371054636 1.46649202992
740 1.3520346872 1.52373884875
741 1.44126451195 1.64991361722
742 1.47364023452 1.6202953722
743 1.36920144861 1.57466482963
744 1.30107253132 1.48537926629
745 1.16520136825 1.39473552619
746 1.08305241877 1.31137326678
747 1.04364838446 1.29255197717
748 1.03598724356 1.2782726584
749 1.03586183009 1.27677368197
750 1.03422514748 1.27756241379
751 1.03504499958 1.27032225542
752 1.03202260075 1.27290699335
753 1.03176657216 1.26690792958
754 1.02974742619 1.26807016055
755 1.02934442955 1.26549852956
756 1.02844165308 1.26534092905
757 1.02791174675 1.26452710601
758 1.02737792515 1.2637648545
759 1.02680730342 1.26339056642
760 1.02639334113 1.26269022516
761 1.02582576963 1.26233733637
762 1.02541327027 1.26175900317
763 1.02487812778 1.26138822863
764 1.02447552872 1.26091140128
765 1.02397842308 1.26057118576
766 1.02358259015 1.26013515682
767 1.02311350496 1.25981230802
768 1.02273006036 1.25940264907
769 1.02228271894 1.25909665666
770 1.02192409046 1.25870588753
771 1.02149601943 1.25842623074
772 1.0211588987 1.25804675683
773 1.02074168787 1.25780575414
774 1.02042518475 1.25742486046
775 1.02001314248 1.2572166444
776 1.01972296497 1.25682298012
777 1.01930817712 1.25665435078
778 1.0190605229 1.256232527
779 1.01863039055 1.25612328313
780 1.01844956652 1.25564955916
781 1.01797874423 1.25563698315
782 1.01788948936 1.25507246438
783 1.01734151762 1.25522527709
784 1.01740892438 1.25450921905
785 1.01672146946 1.25495321973
786 1.01708357767 1.25400253329
787 1.01615310658 1.25497727802
788 1.01712059597 1.25368681667
789 1.01581999407 1.25583882129
790 1.01815256797 1.25398399344
791 1.01698916801 1.25852656828
792 1.02244095875 1.25668662925
793 1.02500884238 1.26729040502
794 1.03794343034 1.26969973573
795 1.05336861362 1.29645709055
796 1.09872036679 1.31839184158
797 1.15367314243 1.39405128713
798 1.26382784455 1.45240574218
799 1.36552109968 1.57220718029
800 1.42627050465 1.58803666056
801 1.37457758237 1.57447910059
802 1.33398567127 1.50502253891
803 1.20201141522 1.42116864142
804 1.12165187514 1.342354463
805 1.05328865659 1.29976560168
806 1.03139450477 1.2733675996
807 1.0243156133 1.27138081842
808 1.02403498845 1.26894285163
809 1.02521360774 1.26570614133
810 1.02215436126 1.26602609793
811 1.0228220704 1.2624402032
812 1.02007611994 1.26226875879
813 1.02024575041 1.26045641732
814 1.018827498 1.2596179766
815 1.01859088964 1.25901815492
816 1.01794374401 1.25838579229
817 1.01746015883 1.25784065221
818 1.01704583844 1.25734889986
819 1.01652111849 1.25686467439
820 1.01616663499 1.25642750076
821 1.01564987012 1.25602280676
822 1.01530889457 1.2556234082
823 1.01483617357 1.25525856723
824 1.01450606361 1.25489794337
825 1.01406555242 1.2545556567
826 1.01374615653 1.25421736457
827 1.01333144997 1.25389758513
828 1.01302974002 1.25357929119
829 1.01263337006 1.25327970248
830 1.01235390382 1.25297673995
831 1.01197053232 1.25269453293
832 1.01171787333 1.25240473865
833 1.01134009474 1.25213981969
834 1.01112057857 1.25186233107
835 1.01073841391 1.25161556247
836 1.01056197033 1.25134955406
837 1.010160446 1.25112262583
838 1.01004457976 1.25086977056
839 1.00960131356 1.25066659901
840 1.00957910886 1.25043195247
841 1.00905855343 1.25026462601
842 1.00919807126 1.2500544885
843 1.00854058742 1.24996931022
